# Table 4. Simulation results for the C4 (1)+C1 (2) mixture.
T x1 pv_sts pv err_pv gamms_sts gamma err_gamma rho1_l err_rho1l rho2_l err_rho2l rho_1v err_rhov rho_2v err_rho2v 
0.90 0.000 0.01217 0.0119  (12) 0.4351 0.744 (89) — 0.7549 (16) — 0.0146 (19)
0.90 0.125 0.009661 0.0095 (11) 0.5264 0.93 (10) 0.0783 (41) 0.497 (13) 0 (00) 0.0113 (16)
0.90 0.250 0.007567 0.0074 (13) 0.5972 1.08 (10) 0.1252 (55) 0.338 (19) 0 (00) 0.0088 (18)
0.90 0.375 0.005505 0.0054 (12) 0.6997 1.24 (13) 0.1554 (15) 0.2334 (55) 0 (00) 0.0063 (16)
0.90 0.500 0.004094 0.00406 (58) 0.7397 1.316 (90) 0.1758 (12) 0.1587 (17) 0 (00) 0.00469 (77)
0.90 0.625 0.002932 0.00291 (72) 0.8136 1.41 (13) 0.19232 (63) 0.1026 (23) 0 (00) 0.00330 (91)
0.90 0.750 0.001736 0.00173 (46) 0.8193 1.44 (17) 0.2050 (11) 0.0603 (38) 0 (00) 0.00196 (55)
0.90 0.875 0.0008567 0.00085 (23) 0.8579 1.50 (17) 0.21461 (33) 0.0264 (12) 0 (00) 0.00096 (28)
0.90 1.000 0.0 0.0 (00) 0.8915 1.55 (15) 0.22211 (15) — 0 (00) —
1.10 0.000 0.04871 0.0454 (32) 0.1762 0.258 (65) — 0.6435 (49) — 0.0540 (59)
1.10 0.125 0.03644 0.0348 (39) 0.2954 0.51 (12) 0.0750 (49) 0.436 (15) 0.000006 (35) 0.0380 (55)
1.10 0.250 0.02674 0.0259 (32) 0.4190 0.73 (11) 0.1194 (35) 0.296 (11) 0.000013 (87) 0.0267 (39)
1.10 0.375 0.01936 0.0189 (29) 0.4956 0.87 (10) 0.1478 (66) 0.204 (21) 0.000007 (50) 0.0188 (32)
1.10 0.500 0.01315 0.0129 (20) 0.5539 0.98 (13) 0.1672 (27) 0.1401 (85) 0.0000002 (23) 0.0125 (20)
1.10 0.625 0.008867 0.0087 (14) 0.5959 1.05 (14) 0.1819 (20) 0.0911 (65) 0.000006 (40) 0.0082 (14)
1.10 0.750 0.005242 0.0052 (14) 0.6724 1.16 (14) 0.1929 (15) 0.0535 (51) 0.000007 (52) 0.0048 (15)
1.10 0.875 0.002223 0.00221 (72) 0.6663 1.17 (13) 0.20149 (57) 0.0244 (19) 0.000007 (38) 0.00202 (67)
1.10 1.000 0.00001903 0.000018 (81) 0.6868 1.21 (11) 0.20876 (18) — 0.000011 (41) —
1.20 1.000 0.000009104 0.000008 (96) 0.6197 1.08 (12) 0.20201 (17) — 0.000023 (57) —
1.30 0.125 0.09091 0.0824 (50) 0.1510 0.219 (64) 0.0751 (50) 0.361 (12) 0.00026 (57) 0.0872 (86)
1.30 0.250 0.06021 0.0570 (74) 0.2479 0.41 (12) 0.1157 (74) 0.248 (20) 0.00011 (29) 0.0528 (85)
1.30 0.375 0.04180 0.0404 (76) 0.3559 0.59 (15) 0.1413 (69) 0.171 (21) 0.00009 (20) 0.0351 (74)
1.30 0.500 0.02800 0.0273 (52) 0.3732 0.66 (10) 0.1583 (49) 0.118 (14) 0.00012 (28) 0.0227 (47)
1.30 0.625 0.01887 0.0185 (31) 0.4236 0.75 (10) 0.1715 (31) 0.0765 (96) 0.00010 (18) 0.0150 (27)
1.30 0.750 0.01113 0.0110 (23) 0.4694 0.82 (11) 0.1812 (22) 0.0451 (72) 0.000096 (97) 0.0086 (19)
1.30 0.875 0.005024 0.0050 (14) 0.5246 0.90 (10) 0.18896 (86) 0.0201 (28) 0.00010 (13) 0.0038 (11)
1.30 1.000 0.0001908 0.00018 (51) 0.5260 0.92 (12) 0.19526 (30) — 0.00014 (23) —
1.40 1.000 0.0003603 0.00035 (36) 0.4666 0.80 (12) 0.18825 (22) — 0.00026 (22) —
1.50 0.125 0.1601 0.1379 (72) 0.071 64 0.059 (75) 0.0735 (65) 0.290 (12) 0.0022 (14) 0.133 (12)
1.50 0.250 0.1019 0.0944 (69) 0.1683 0.233 (95) 0.1094 (58) 0.205 (14) 0.00131 (85) 0.0775 (77)
1.50 0.375 0.06988 0.0666 (55) 0.2116 0.332 (65) 0.1310 (13) 0.1421 (57) 0.00089 (52) 0.0506 (53)
1.50 0.500 0.04713 0.0457 (48) 0.2706 0.44 (12) 0.1481 (38) 0.0983 (98) 0.00074 (64) 0.0329 (40)
1.50 0.625 0.03056 0.0299 (54) 0.3149 0.52 (12) 0.1597 (33) 0.0650 (84) 0.00072 (37) 0.0206 (40)
1.50 0.750 0.01763 0.0174 (40) 0.3462 0.58 (11) 0.1680 (22) 0.0394 (62) 0.00069 (51) 0.0114 (29)
1.50 0.875 0.009202 0.0091 (20) 0.3695 0.62 (12) 0.17567 (95) 0.0164 (26) 0.00060 (31) 0.0056 (15)
1.50 1.000 0.0009754 0.00096 (86) 0.3941 0.66 (11) 0.18114 (64) — 0.00063 (38) —
1.60 1.000 0.001954 0.0019 (11) 0.3231 0.541 (98) 0.17362 (33) — 0.00122 (48) —
1.70 0.125 0.2425 0.1937 (87) 0.042 97 0.010 (66) 0.060 (13) 0.2383 (69) 0.0103 (39) 0.165 (14)
1.70 0.250 0.1500 0.1346 (68) 0.076 30 0.065 (73) 0.0979 (64) 0.1725 (78) 0.0052 (22) 0.0975 (68)
1.70 0.375 0.09986 0.0933 (43) 0.1311 0.164 (85) 0.1193 (30) 0.1232 (57) 0.0038 (16) 0.0617 (35)
1.70 0.500 0.06920 0.0660 (41) 0.1584 0.227 (95) 0.1324 (14) 0.0841 (34) 0.0032 (11) 0.0409 (29)
1.70 0.625 0.04468 0.0432 (29) 0.1946 0.29 (12) 0.1455 (22) 0.0566 (42) 0.00270 (79) 0.0252 (21)
1.70 0.750 0.02842 0.0277 (33) 0.2402 0.36 (12) 0.1540 (25) 0.0332 (53) 0.0026 (13) 0.0149 (17)
1.70 0.875 0.01427 0.0139 (24) 0.2361 0.383 (80) 0.16009 (81) 0.0153 (18) 0.00240 (70) 0.0063 (11)
1.70 1.000 0.003523 0.0034 (17) 0.2643 0.42 (11) 0.16583 (65) — 0.00211 (54) —
1.70 1.000 0.003886 0.0037 (13) 0.2799 0.442 (59) 0.16577 (51) — 0.00227 (59) —
1.80 1.000 0.006679 0.0063 (25) 0.2051 0.316 (94) 0.15758 (62) — 0.00394 (97) —
1.90 1.000 0.01143 0.0106 (35) 0.1653 0.231 (81) 0.14838 (89) — 0.0064 (16) —
2.00 1.000 0.01751 0.0157 (35) 0.1224 0.150 (76) 0.1382 (16) — 0.0097 (18) —
